F 0 -1 0 22 22
C 0 2 0 22 22
N 0 -1 0 22 5
N 5 -1 4 4 5
N 9 -1 3 8 5
N 17 -1 8 3 5
N 3 -1 7 8 5
N 11 -1 10 3 5
N 15 -1 10 1 5
N 14 -1 12 1 5
N 16 -1 13 1 5
N 2 -1 14 1 5
S 0 -1 16 20 5
S 9 -1 2 8 5
S 5 -1 3 3 5
S 2 -1 6 10 5
S 17 -1 7 3 5
S 12 -1 9 4 5
S 8 -1 10 1 5
S 16 -1 5 1 5
W 0 -1 0 16 5
W 9 -1 0 2 5
W 9 -1 3 1 5
W 17 -1 5 2 5
W 12 -1 6 3 5
W 17 -1 8 5 5
W 15 -1 10 2 5
W 9 -1 10 6 5
W 17 -1 2 1 5
W 3 -1 7 7 5
E 20 -1 0 16 5
E 8 -1 0 3 5
E 5 -1 3 1 5
E 2 -1 6 8 5
E 11 -1 7 3 5
E 16 -1 5 4 5
E 14 -1 10 2 5
E 16 -1 10 3 5
E 8 -1 10 6 5